Dato og Tid          | Kanal 1 | Kanal 2 | Kanal 3 | Kanal 4 | Kanal 5 | Kanal 6 | Kanal 7 | Kanal 8
-----------------------------------------------------------------------------------------------
2026-07-12 15:57:41 | 0.8941 | 0.8722 | 0.9643 | 0.5442 | 0.4227 | 0.0689 | 0.0078 | 0.7694
2026-07-12 15:58:41 | 0.9179 | 0.7915 | 0.9750 | 0.5742 | 0.1556 | 0.9981 | 0.5227 | 0.1182
2026-07-12 15:59:41 | 0.2599 | 0.2643 | 0.3008 | 0.0439 | 0.9038 | 0.4665 | 0.9030 | 0.7056
2026-07-12 16:00:41 | 0.0092 | 0.4690 | 0.6963 | 0.7880 | 0.4422 | 0.1387 | 0.7801 | 0.1091
2026-07-12 16:01:41 | 0.0727 | 0.8061 | 0.1530 | 0.5955 | 0.2371 | 0.1375 | 0.3139 | 0.8734
2026-07-12 16:02:41 | 0.0245 | 0.8392 | 0.3779 | 0.7353 | 0.4707 | 0.9085 | 0.8321 | 0.2722
2026-07-12 16:03:41 | 0.2615 | 0.1102 | 0.5091 | 0.4706 | 0.5600 | 0.8937 | 0.4058 | 0.0231
2026-07-12 16:04:41 | 0.5394 | 0.5651 | 0.2439 | 0.2093 | 0.2219 | 0.6953 | 0.5764 | 0.4419
2026-07-12 16:05:41 | 0.5511 | 0.1594 | 0.6847 | 0.2811 | 0.9827 | 0.0915 | 0.3344 | 0.7270
2026-07-12 16:06:41 | 0.7800 | 0.9809 | 0.8917 | 0.2753 | 0.9380 | 0.8201 | 0.4946 | 0.4385